usecase1/forward_model/synthetic_topo.asc
ncols 251
nrows 201
xllcorner 0
yllcorner 0
cellsize 20
NODATA_value -9999
[rows 84 to 111 of 201, columns 0 to 62 of 251]
1332.03020 1314.21040 1296.51060 1278.93080 1261.47100 1244.13120 1226.91140 1209.81160 1192.83180 1175.97200 1159.23220 1142.61240 1126.11260 1109.73280 1093.47300 1077.33320 1061.31340 1045.41360 1029.63380 1013.97400 998.43420 983.01440 967.71460 952.53480 937.47500 922.53520 907.71540 893.01560 878.43580 863.97600 849.63620 835.41640 821.31660 807.33680 793.47700 779.73720 766.11740 752.61760 739.23780 725.97800 712.83820 699.81840 686.91860 674.13880 661.47900 648.93920 636.51940 624.21960 612.03980 599.98000 588.04020 576.22040 564.52060 552.94080 541.48100 530.14120 518.92140 507.82160 496.84180 485.98200 475.24220 464.62240 454.12260
1332.03020 1314.21040 1296.51060 1278.93080 1261.47100 1244.13120 1226.91140 1209.81160 1192.83180 1175.97200 1159.23220 1142.61240 1126.11260 1109.73280 1093.47300 1077.33320 1061.31340 1045.41360 1029.63380 1013.97400 998.43420 983.01440 967.71460 952.53480 937.47500 922.53520 907.71540 893.01560 878.43580 863.97600 849.63620 835.41640 821.31660 807.33680 793.47700 779.73720 766.11740 752.61760 739.23780 725.97800 712.83820 699.81840 686.91860 674.13880 661.47900 648.93920 636.51940 624.21960 612.03980 599.98000 588.04020 576.22040 564.52060 552.94080 541.48100 530.14120 518.92140 507.82160 496.84180 485.98200 475.24220 464.62240 454.12260
1332.03020 1314.21040 1296.51060 1278.93080 1261.47100 1244.13120 1226.91140 1209.81160 1192.83180 1175.97200 1159.23220 1142.61240 1126.11260 1109.73280 1093.47300 1077.33320 1061.31340 1045.41360 1029.63380 1013.97400 998.43420 983.01440 967.71460 952.53480 937.47500 922.53520 907.71540 893.01560 878.43580 863.97600 849.63620 835.41640 821.31660 807.33680 793.47700 779.73720 766.11740 752.61760 739.23780 725.97800 712.83820 699.81840 686.91860 674.13880 661.47900 648.93920 636.51940 624.21960 612.03980 599.98000 588.04020 576.22040 564.52060 552.94080 541.48100 530.14120 518.92140 507.82160 496.84180 485.98200 475.24220 464.62240 454.12260
1332.03020 1314.21040 1296.51060 1278.93080 1261.47100 1244.13120 1226.91140 1209.81160 1192.83180 1175.97200 1159.23220 1142.61240 1126.11260 1109.73280 1093.47300 1077.33320 1061.31340 1045.41360 1029.63380 1013.97400 998.43420 983.01440 967.71460 952.53480 937.47500 922.53520 907.71540 893.01560 878.43580 863.97600 849.63620 835.41640 821.31660 807.33680 793.47700 779.73720 766.11740 752.61760 739.23780 725.97800 712.83820 699.81840 686.91860 674.13880 661.47900 648.93920 636.51940 624.21960 612.03980 599.98000 588.04020 576.22040 564.52060 552.94080 541.48100 530.14120 518.92140 507.82160 496.84180 485.98200 475.24220 464.62240 454.12260
1332.03020 1314.21040 1296.51060 1278.93080 1261.47100 1244.13120 1226.91140 1209.81160 1192.83180 1175.97200 1159.23220 1142.61240 1126.11260 1109.73280 1093.47300 1077.33320 1061.31340 1045.41360 1029.63380 1013.97400 998.43420 983.01440 967.71460 952.53480 937.47500 922.53520 907.71540 893.01560 878.43580 863.97600 849.63620 835.41640 821.31660 807.33680 793.47700 779.73720 766.11740 752.61760 739.23780 725.97800 712.83820 699.81840 686.91860 674.13880 661.47900 648.93920 636.51940 624.21960 612.03980 599.98000 588.04020 576.22040 564.52060 552.94080 541.48100 530.14120 518.92140 507.82160 496.84180 485.98200 475.24220 464.62240 454.12260
1332.03020 1314.21040 1296.51060 1278.93080 1261.47100 1244.13120 1226.91140 1209.81160 1192.83180 1175.97200 1159.23220 1142.61240 1126.11260 1109.73280 1093.47300 1077.33320 1061.31340 1045.41360 1029.63380 1013.97400 998.43420 983.01440 967.71460 952.53480 937.47500 922.53520 907.71540 893.01560 878.43580 863.97600 849.63620 835.41640 821.31660 807.33680 793.47700 779.73720 766.11740 752.61760 739.23780 725.97800 712.83820 699.81840 686.91860 674.13880 661.47900 648.93920 636.51940 624.21960 612.03980 599.98000 588.04020 576.22040 564.52060 552.94080 541.48100 530.14120 518.92140 507.82160 496.84180 485.98200 475.24220 464.62240 454.12260
1332.03020 1314.21040 1296.51060 1278.93080 1261.47100 1244.13120 1226.91140 1209.81160 1192.83180 1175.97200 1159.23220 1142.61240 1126.11260 1109.73280 1093.47300 1077.33320 1061.31340 1045.41360 1029.63380 1013.97400 998.43420 983.01440 967.71460 952.53480 937.47500 922.53520 907.71540 893.01560 878.43580 863.97600 849.63620 835.41640 821.31660 807.33680 793.47700 779.73720 766.11740 752.61760 739.23780 725.97800 712.83820 699.81840 686.91860 674.13880 661.47900 648.93920 636.51940 624.21960 612.03980 599.98000 588.04020 576.22040 564.52060 552.94080 541.48100 530.14120 518.92140 507.82160 496.84180 485.98200 475.24220 464.62240 454.12260
1332.03020 1314.21040 1296.51060 1278.93080 1261.47100 1244.13120 1226.91140 1209.81160 1192.83180 1175.97200 1159.23220 1142.61240 1126.11260 1109.73280 1093.47300 1077.33320 1061.31340 1045.41360 1029.63380 1013.97400 998.43420 983.01440 967.71460 952.53480 937.47500 922.53520 907.71540 893.01560 878.43580 863.97600 849.63620 835.41640 821.31660 807.33680 793.47700 779.73720 766.11740 752.61760 739.23780 725.97800 712.83820 699.81840 686.91860 674.13880 661.47900 648.93920 636.51940 624.21960 612.03980 599.98000 588.04020 576.22040 564.52060 552.94080 541.48100 530.14120 518.92140 507.82160 496.84180 485.98200 475.24220 464.62240 454.12260
1332.03020 1314.21040 1296.51060 1278.93080 1261.47100 1244.13120 1226.91140 1209.81160 1192.83180 1175.97200 1159.23220 1142.61240 1126.11260 1109.73280 1093.47300 1077.33320 1061.31340 1045.41360 1029.63380 1013.97400 998.43420 983.01440 967.71460 952.53480 937.47500 922.53520 907.71540 893.01560 878.43580 863.97600 849.63620 835.41640 821.31660 807.33680 793.47700 779.73720 766.11740 752.61760 739.23780 725.97800 712.83820 699.81840 686.91860 674.13880 661.47900 648.93920 636.51940 624.21960 612.03980 599.98000 588.04020 576.22040 564.52060 552.94080 541.48100 530.14120 518.92140 507.82160 496.84180 485.98200 475.24220 464.62240 454.12260
1332.03020 1314.21040 1296.51060 1278.93080 1261.47100 1244.13120 1226.91140 1209.81160 1192.83180 1175.97200 1159.23220 1142.61240 1126.11260 1109.73280 1093.47300 1077.33320 1061.31340 1045.41360 1029.63380 1013.97400 998.43420 983.01440 967.71460 952.53480 937.47500 922.53520 907.71540 893.01560 878.43580 863.97600 849.63620 835.41640 821.31660 807.33680 793.47700 779.73720 766.11740 752.61760 739.23780 725.97800 712.83820 699.81840 686.91860 674.13880 661.47900 648.93920 636.51940 624.21960 612.03980 599.98000 588.04020 576.22040 564.52060 552.94080 541.48100 530.14120 518.92140 507.82160 496.84180 485.98200 475.24220 464.62240 454.12260
1332.03020 1314.21040 1296.51060 1278.93080 1261.47100 1244.13120 1226.91140 1209.81160 1192.83180 1175.97200 1159.23220 1142.61240 1126.11260 1109.73280 1093.47300 1077.33320 1061.31340 1045.41360 1029.63380 1013.97400 998.43420 983.01440 967.71460 952.53480 937.47500 922.53520 907.71540 893.01560 878.43580 863.97600 849.63620 835.41640 821.31660 807.33680 793.47700 779.73720 766.11740 752.61760 739.23780 725.97800 712.83820 699.81840 686.91860 674.13880 661.47900 648.93920 636.51940 624.21960 612.03980 599.98000 588.04020 576.22040 564.52060 552.94080 541.48100 530.14120 518.92140 507.82160 496.84180 485.98200 475.24220 464.62240 454.12260
1332.03020 1314.21040 1296.51060 1278.93080 1261.47100 1244.13120 1226.91140 1209.81160 1192.83180 1175.97200 1159.23220 1142.61240 1126.11260 1109.73280 1093.47300 1077.33320 1061.31340 1045.41360 1029.63380 1013.97400 998.43420 983.01440 967.71460 952.53480 937.47500 922.53520 907.71540 893.01560 878.43580 863.97600 849.63620 835.41640 821.31660 807.33680 793.47700 779.73720 766.11740 752.61760 739.23780 725.97800 712.83820 699.81840 686.91860 674.13880 661.47900 648.93920 636.51940 624.21960 612.03980 599.98000 588.04020 576.22040 564.52060 552.94080 541.48100 530.14120 518.92140 507.82160 496.84180 485.98200 475.24220 464.62240 454.12260
1332.03020 1314.21040 1296.51060 1278.93080 1261.47100 1244.13120 1226.91140 1209.81160 1192.83180 1175.97200 1159.23220 1142.61240 1126.11260 1109.73280 1093.47300 1077.33320 1061.31340 1045.41360 1029.63380 1013.97400 998.43420 983.01440 967.71460 952.53480 937.47500 922.53520 907.71540 893.01560 878.43580 863.97600 849.63620 835.41640 821.31660 807.33680 793.47700 779.73720 766.11740 752.61760 739.23780 725.97800 712.83820 699.81840 686.91860 674.13880 661.47900 648.93920 636.51940 624.21960 612.03980 599.98000 588.04020 576.22040 564.52060 552.94080 541.48100 530.14120 518.92140 507.82160 496.84180 485.98200 475.24220 464.62240 454.12260
1332.03020 1314.21040 1296.51060 1278.93080 1261.47100 1244.13120 1226.91140 1209.81160 1192.83180 1175.97200 1159.23220 1142.61240 1126.11260 1109.73280 1093.47300 1077.33320 1061.31340 1045.41360 1029.63380 1013.97400 998.43420 983.01440 967.71460 952.53480 937.47500 922.53520 907.71540 893.01560 878.43580 863.97600 849.63620 835.41640 821.31660 807.33680 793.47700 779.73720 766.11740 752.61760 739.23780 725.97800 712.83820 699.81840 686.91860 674.13880 661.47900 648.93920 636.51940 624.21960 612.03980 599.98000 588.04020 576.22040 564.52060 552.94080 541.48100 530.14120 518.92140 507.82160 496.84180 485.98200 475.24220 464.62240 454.12260
1332.03020 1314.21040 1296.51060 1278.93080 1261.47100 1244.13120 1226.91140 1209.81160 1192.83180 1175.97200 1159.23220 1142.61240 1126.11260 1109.73280 1093.47300 1077.33320 1061.31340 1045.41360 1029.63380 1013.97400 998.43420 983.01440 967.71460 952.53480 937.47500 922.53520 907.71540 893.01560 878.43580 863.97600 849.63620 835.41640 821.31660 807.33680 793.47700 779.73720 766.11740 752.61760 739.23780 725.97800 712.83820 699.81840 686.91860 674.13880 661.47900 648.93920 636.51940 624.21960 612.03980 599.98000 588.04020 576.22040 564.52060 552.94080 541.48100 530.14120 518.92140 507.82160 496.84180 485.98200 475.24220 464.62240 454.12260
1332.03020 1314.21040 1296.51060 1278.93080 1261.47100 1244.13120 1226.91140 1209.81160 1192.83180 1175.97200 1159.23220 1142.61240 1126.11260 1109.73280 1093.47300 1077.33320 1061.31340 1045.41360 1029.63380 1013.97400 998.43420 983.01440 967.71460 952.53480 937.47500 922.53520 907.71540 893.01560 878.43580 863.97600 849.63620 835.41640 821.31660 807.33680 793.47700 779.73720 766.11740 752.61760 739.23780 725.97800 712.83820 699.81840 686.91860 674.13880 661.47900 648.93920 636.51940 624.21960 612.03980 599.98000 588.04020 576.22040 564.52060 552.94080 541.48100 530.14120 518.92140 507.82160 496.84180 485.98200 475.24220 464.62240 454.12260
1332.03020 1314.21040 1296.51060 1278.93080 1261.47100 1244.13120 1226.91140 1209.81160 1192.83180 1175.97200 1159.23220 1142.61240 1126.11260 1109.73280 1093.47300 1077.33320 1061.31340 1045.41360 1029.63380 1013.97400 998.43420 983.01440 967.71460 952.53480 937.47500 922.53520 907.71540 893.01560 878.43580 863.97600 849.63620 835.41640 821.31660 807.33680 793.47700 779.73720 766.11740 752.61760 739.23780 725.97800 712.83820 699.81840 686.91860 674.13880 661.47900 648.93920 636.51940 624.21960 612.03980 599.98000 588.04020 576.22040 564.52060 552.94080 541.48100 530.14120 518.92140 507.82160 496.84180 485.98200 475.24220 464.62240 454.12260
1332.03020 1314.21040 1296.51060 1278.93080 1261.47100 1244.13120 1226.91140 1209.81160 1192.83180 1175.97200 1159.23220 1142.61240 1126.11260 1109.73280 1093.47300 1077.33320 1061.31340 1045.41360 1029.63380 1013.97400 998.43420 983.01440 967.71460 952.53480 937.47500 922.53520 907.71540 893.01560 878.43580 863.97600 849.63620 835.41640 821.31660 807.33680 793.47700 779.73720 766.11740 752.61760 739.23780 725.97800 712.83820 699.81840 686.91860 674.13880 661.47900 648.93920 636.51940 624.21960 612.03980 599.98000 588.04020 576.22040 564.52060 552.94080 541.48100 530.14120 518.92140 507.82160 496.84180 485.98200 475.24220 464.62240 454.12260
1332.03020 1314.21040 1296.51060 1278.93080 1261.47100 1244.13120 1226.91140 1209.81160 1192.83180 1175.97200 1159.23220 1142.61240 1126.11260 1109.73280 1093.47300 1077.33320 1061.31340 1045.41360 1029.63380 1013.97400 998.43420 983.01440 967.71460 952.53480 937.47500 922.53520 907.71540 893.01560 878.43580 863.97600 849.63620 835.41640 821.31660 807.33680 793.47700 779.73720 766.11740 752.61760 739.23780 725.97800 712.83820 699.81840 686.91860 674.13880 661.47900 648.93920 636.51940 624.21960 612.03980 599.98000 588.04020 576.22040 564.52060 552.94080 541.48100 530.14120 518.92140 507.82160 496.84180 485.98200 475.24220 464.62240 454.12260
1332.03020 1314.21040 1296.51060 1278.93080 1261.47100 1244.13120 1226.91140 1209.81160 1192.83180 1175.97200 1159.23220 1142.61240 1126.11260 1109.73280 1093.47300 1077.33320 1061.31340 1045.41360 1029.63380 1013.97400 998.43420 983.01440 967.71460 952.53480 937.47500 922.53520 907.71540 893.01560 878.43580 863.97600 849.63620 835.41640 821.31660 807.33680 793.47700 779.73720 766.11740 752.61760 739.23780 725.97800 712.83820 699.81840 686.91860 674.13880 661.47900 648.93920 636.51940 624.21960 612.03980 599.98000 588.04020 576.22040 564.52060 552.94080 541.48100 530.14120 518.92140 507.82160 496.84180 485.98200 475.24220 464.62240 454.12260
1332.03020 1314.21040 1296.51060 1278.93080 1261.47100 1244.13120 1226.91140 1209.81160 1192.83180 1175.97200 1159.23220 1142.61240 1126.11260 1109.73280 1093.47300 1077.33320 1061.31340 1045.41360 1029.63380 1013.97400 998.43420 983.01440 967.71460 952.53480 937.47500 922.53520 907.71540 893.01560 878.43580 863.97600 849.63620 835.41640 821.31660 807.33680 793.47700 779.73720 766.11740 752.61760 739.23780 725.97800 712.83820 699.81840 686.91860 674.13880 661.47900 648.93920 636.51940 624.21960 612.03980 599.98000 588.04020 576.22040 564.52060 552.94080 541.48100 530.14120 518.92140 507.82160 496.84180 485.98200 475.24220 464.62240 454.12260
1332.03020 1314.21040 1296.51060 1278.93080 1261.47100 1244.13120 1226.91140 1209.81160 1192.83180 1175.97200 1159.23220 1142.61240 1126.11260 1109.73280 1093.47300 1077.33320 1061.31340 1045.41360 1029.63380 1013.97400 998.43420 983.01440 967.71460 952.53480 937.47500 922.53520 907.71540 893.01560 878.43580 863.97600 849.63620 835.41640 821.31660 807.33680 793.47700 779.73720 766.11740 752.61760 739.23780 725.97800 712.83820 699.81840 686.91860 674.13880 661.47900 648.93920 636.51940 624.21960 612.03980 599.98000 588.04020 576.22040 564.52060 552.94080 541.48100 530.14120 518.92140 507.82160 496.84180 485.98200 475.24220 464.62240 454.12260
1332.03020 1314.21040 1296.51060 1278.93080 1261.47100 1244.13120 1226.91140 1209.81160 1192.83180 1175.97200 1159.23220 1142.61240 1126.11260 1109.73280 1093.47300 1077.33320 1061.31340 1045.41360 1029.63380 1013.97400 998.43420 983.01440 967.71460 952.53480 937.47500 922.53520 907.71540 893.01560 878.43580 863.97600 849.63620 835.41640 821.31660 807.33680 793.47700 779.73720 766.11740 752.61760 739.23780 725.97800 712.83820 699.81840 686.91860 674.13880 661.47900 648.93920 636.51940 624.21960 612.03980 599.98000 588.04020 576.22040 564.52060 552.94080 541.48100 530.14120 518.92140 507.82160 496.84180 485.98200 475.24220 464.62240 454.12260
1332.03020 1314.21040 1296.51060 1278.93080 1261.47100 1244.13120 1226.91140 1209.81160 1192.83180 1175.97200 1159.23220 1142.61240 1126.11260 1109.73280 1093.47300 1077.33320 1061.31340 1045.41360 1029.63380 1013.97400 998.43420 983.01440 967.71460 952.53480 937.47500 922.53520 907.71540 893.01560 878.43580 863.97600 849.63620 835.41640 821.31660 807.33680 793.47700 779.73720 766.11740 752.61760 739.23780 725.97800 712.83820 699.81840 686.91860 674.13880 661.47900 648.93920 636.51940 624.21960 612.03980 599.98000 588.04020 576.22040 564.52060 552.94080 541.48100 530.14120 518.92140 507.82160 496.84180 485.98200 475.24220 464.62240 454.12260
1332.03020 1314.21040 1296.51060 1278.93080 1261.47100 1244.13120 1226.91140 1209.81160 1192.83180 1175.97200 1159.23220 1142.61240 1126.11260 1109.73280 1093.47300 1077.33320 1061.31340 1045.41360 1029.63380 1013.97400 998.43420 983.01440 967.71460 952.53480 937.47500 922.53520 907.71540 893.01560 878.43580 863.97600 849.63620 835.41640 821.31660 807.33680 793.47700 779.73720 766.11740 752.61760 739.23780 725.97800 712.83820 699.81840 686.91860 674.13880 661.47900 648.93920 636.51940 624.21960 612.03980 599.98000 588.04020 576.22040 564.52060 552.94080 541.48100 530.14120 518.92140 507.82160 496.84180 485.98200 475.24220 464.62240 454.12260
1332.03020 1314.21040 1296.51060 1278.93080 1261.47100 1244.13120 1226.91140 1209.81160 1192.83180 1175.97200 1159.23220 1142.61240 1126.11260 1109.73280 1093.47300 1077.33320 1061.31340 1045.41360 1029.63380 1013.97400 998.43420 983.01440 967.71460 952.53480 937.47500 922.53520 907.71540 893.01560 878.43580 863.97600 849.63620 835.41640 821.31660 807.33680 793.47700 779.73720 766.11740 752.61760 739.23780 725.97800 712.83820 699.81840 686.91860 674.13880 661.47900 648.93920 636.51940 624.21960 612.03980 599.98000 588.04020 576.22040 564.52060 552.94080 541.48100 530.14120 518.92140 507.82160 496.84180 485.98200 475.24220 464.62240 454.12260
1332.03020 1314.21040 1296.51060 1278.93080 1261.47100 1244.13120 1226.91140 1209.81160 1192.83180 1175.97200 1159.23220 1142.61240 1126.11260 1109.73280 1093.47300 1077.33320 1061.31340 1045.41360 1029.63380 1013.97400 998.43420 983.01440 967.71460 952.53480 937.47500 922.53520 907.71540 893.01560 878.43580 863.97600 849.63620 835.41640 821.31660 807.33680 793.47700 779.73720 766.11740 752.61760 739.23780 725.97800 712.83820 699.81840 686.91860 674.13880 661.47900 648.93920 636.51940 624.21960 612.03980 599.98000 588.04020 576.22040 564.52060 552.94080 541.48100 530.14120 518.92140 507.82160 496.84180 485.98200 475.24220 464.62240 454.12260
1332.03020 1314.21040 1296.51060 1278.93080 1261.47100 1244.13120 1226.91140 1209.81160 1192.83180 1175.97200 1159.23220 1142.61240 1126.11260 1109.73280 1093.47300 1077.33320 1061.31340 1045.41360 1029.63380 1013.97400 998.43420 983.01440 967.71460 952.53480 937.47500 922.53520 907.71540 893.01560 878.43580 863.97600 849.63620 835.41640 821.31660 807.33680 793.47700 779.73720 766.11740 752.61760 739.23780 725.97800 712.83820 699.81840 686.91860 674.13880 661.47900 648.93920 636.51940 624.21960 612.03980 599.98000 588.04020 576.22040 564.52060 552.94080 541.48100 530.14120 518.92140 507.82160 496.84180 485.98200 475.24220 464.62240 454.12260
