usecase1/forward_model/synthetic_topo.asc
ncols 251
nrows 201
xllcorner 0
yllcorner 0
cellsize 20
NODATA_value -9999
[rows 28 to 55 of 201, columns 63 to 125 of 251]
443.74280 433.48300 423.34320 413.32340 403.42360 393.64380 383.98400 374.44420 365.02440 355.72460 346.54480 337.48500 328.54520 319.72540 311.02560 302.44580 293.98600 285.64620 277.42640 269.32660 261.34680 253.48700 245.74720 238.12740 230.62760 223.24780 215.98800 208.84820 201.82840 194.92860 188.14880 181.48900 174.94920 168.52940 162.22960 156.04980 149.99000 144.05020 138.23040 132.53060 126.95080 121.49100 116.15120 110.93140 105.83160 100.85180 95.99200 91.25220 86.63240 82.13260 77.75280 73.49300 69.35320 65.33340 61.43360 57.65380 53.99400 50.45420 47.03440 43.73460 40.55480 37.49500 34.55520
443.74280 433.48300 423.34320 413.32340 403.42360 393.64380 383.98400 374.44420 365.02440 355.72460 346.54480 337.48500 328.54520 319.72540 311.02560 302.44580 293.98600 285.64620 277.42640 269.32660 261.34680 253.48700 245.74720 238.12740 230.62760 223.24780 215.98800 208.84820 201.82840 194.92860 188.14880 181.48900 174.94920 168.52940 162.22960 156.04980 149.99000 144.05020 138.23040 132.53060 126.95080 121.49100 116.15120 110.93140 105.83160 100.85180 95.99200 91.25220 86.63240 82.13260 77.75280 73.49300 69.35320 65.33340 61.43360 57.65380 53.99400 50.45420 47.03440 43.73460 40.55480 37.49500 34.55520
443.74280 433.48300 423.34320 413.32340 403.42360 393.64380 383.98400 374.44420 365.02440 355.72460 346.54480 337.48500 328.54520 319.72540 311.02560 302.44580 293.98600 285.64620 277.42640 269.32660 261.34680 253.48700 245.74720 238.12740 230.62760 223.24780 215.98800 208.84820 201.82840 194.92860 188.14880 181.48900 174.94920 168.52940 162.22960 156.04980 149.99000 144.05020 138.23040 132.53060 126.95080 121.49100 116.15120 110.93140 105.83160 100.85180 95.99200 91.25220 86.63240 82.13260 77.75280 73.49300 69.35320 65.33340 61.43360 57.65380 53.99400 50.45420 47.03440 43.73460 40.55480 37.49500 34.55520
443.74280 433.48300 423.34320 413.32340 403.42360 393.64380 383.98400 374.44420 365.02440 355.72460 346.54480 337.48500 328.54520 319.72540 311.02560 302.44580 293.98600 285.64620 277.42640 269.32660 261.34680 253.48700 245.74720 238.12740 230.62760 223.24780 215.98800 208.84820 201.82840 194.92860 188.14880 181.48900 174.94920 168.52940 162.22960 156.04980 149.99000 144.05020 138.23040 132.53060 126.95080 121.49100 116.15120 110.93140 105.83160 100.85180 95.99200 91.25220 86.63240 82.13260 77.75280 73.49300 69.35320 65.33340 61.43360 57.65380 53.99400 50.45420 47.03440 43.73460 40.55480 37.49500 34.55520
443.74280 433.48300 423.34320 413.32340 403.42360 393.64380 383.98400 374.44420 365.02440 355.72460 346.54480 337.48500 328.54520 319.72540 311.02560 302.44580 293.98600 285.64620 277.42640 269.32660 261.34680 253.48700 245.74720 238.12740 230.62760 223.24780 215.98800 208.84820 201.82840 194.92860 188.14880 181.48900 174.94920 168.52940 162.22960 156.04980 149.99000 144.05020 138.23040 132.53060 126.95080 121.49100 116.15120 110.93140 105.83160 100.85180 95.99200 91.25220 86.63240 82.13260 77.75280 73.49300 69.35320 65.33340 61.43360 57.65380 53.99400 50.45420 47.03440 43.73460 40.55480 37.49500 34.55520
443.74280 433.48300 423.34320 413.32340 403.42360 393.64380 383.98400 374.44420 365.02440 355.72460 346.54480 337.48500 328.54520 319.72540 311.02560 302.44580 293.98600 285.64620 277.42640 269.32660 261.34680 253.48700 245.74720 238.12740 230.62760 223.24780 215.98800 208.84820 201.82840 194.92860 188.14880 181.48900 174.94920 168.52940 162.22960 156.04980 149.99000 144.05020 138.23040 132.53060 126.95080 121.49100 116.15120 110.93140 105.83160 100.85180 95.99200 91.25220 86.63240 82.13260 77.75280 73.49300 69.35320 65.33340 61.43360 57.65380 53.99400 50.45420 47.03440 43.73460 40.55480 37.49500 34.55520
443.74280 433.48300 423.34320 413.32340 403.42360 393.64380 383.98400 374.44420 365.02440 355.72460 346.54480 337.48500 328.54520 319.72540 311.02560 302.44580 293.98600 285.64620 277.42640 269.32660 261.34680 253.48700 245.74720 238.12740 230.62760 223.24780 215.98800 208.84820 201.82840 194.92860 188.14880 181.48900 174.94920 168.52940 162.22960 156.04980 149.99000 144.05020 138.23040 132.53060 126.95080 121.49100 116.15120 110.93140 105.83160 100.85180 95.99200 91.25220 86.63240 82.13260 77.75280 73.49300 69.35320 65.33340 61.43360 57.65380 53.99400 50.45420 47.03440 43.73460 40.55480 37.49500 34.55520
443.74280 433.48300 423.34320 413.32340 403.42360 393.64380 383.98400 374.44420 365.02440 355.72460 346.54480 337.48500 328.54520 319.72540 311.02560 302.44580 293.98600 285.64620 277.42640 269.32660 261.34680 253.48700 245.74720 238.12740 230.62760 223.24780 215.98800 208.84820 201.82840 194.92860 188.14880 181.48900 174.94920 168.52940 162.22960 156.04980 149.99000 144.05020 138.23040 132.53060 126.95080 121.49100 116.15120 110.93140 105.83160 100.85180 95.99200 91.25220 86.63240 82.13260 77.75280 73.49300 69.35320 65.33340 61.43360 57.65380 53.99400 50.45420 47.03440 43.73460 40.55480 37.49500 34.55520
443.74280 433.48300 423.34320 413.32340 403.42360 393.64380 383.98400 374.44420 365.02440 355.72460 346.54480 337.48500 328.54520 319.72540 311.02560 302.44580 293.98600 285.64620 277.42640 269.32660 261.34680 253.48700 245.74720 238.12740 230.62760 223.24780 215.98800 208.84820 201.82840 194.92860 188.14880 181.48900 174.94920 168.52940 162.22960 156.04980 149.99000 144.05020 138.23040 132.53060 126.95080 121.49100 116.15120 110.93140 105.83160 100.85180 95.99200 91.25220 86.63240 82.13260 77.75280 73.49300 69.35320 65.33340 61.43360 57.65380 53.99400 50.45420 47.03440 43.73460 40.55480 37.49500 34.55520
443.74280 433.48300 423.34320 413.32340 403.42360 393.64380 383.98400 374.44420 365.02440 355.72460 346.54480 337.48500 328.54520 319.72540 311.02560 302.44580 293.98600 285.64620 277.42640 269.32660 261.34680 253.48700 245.74720 238.12740 230.62760 223.24780 215.98800 208.84820 201.82840 194.92860 188.14880 181.48900 174.94920 168.52940 162.22960 156.04980 149.99000 144.05020 138.23040 132.53060 126.95080 121.49100 116.15120 110.93140 105.83160 100.85180 95.99200 91.25220 86.63240 82.13260 77.75280 73.49300 69.35320 65.33340 61.43360 57.65380 53.99400 50.45420 47.03440 43.73460 40.55480 37.49500 34.55520
443.74280 433.48300 423.34320 413.32340 403.42360 393.64380 383.98400 374.44420 365.02440 355.72460 346.54480 337.48500 328.54520 319.72540 311.02560 302.44580 293.98600 285.64620 277.42640 269.32660 261.34680 253.48700 245.74720 238.12740 230.62760 223.24780 215.98800 208.84820 201.82840 194.92860 188.14880 181.48900 174.94920 168.52940 162.22960 156.04980 149.99000 144.05020 138.23040 132.53060 126.95080 121.49100 116.15120 110.93140 105.83160 100.85180 95.99200 91.25220 86.63240 82.13260 77.75280 73.49300 69.35320 65.33340 61.43360 57.65380 53.99400 50.45420 47.03440 43.73460 40.55480 37.49500 34.55520
443.74280 433.48300 423.34320 413.32340 403.42360 393.64380 383.98400 374.44420 365.02440 355.72460 346.54480 337.48500 328.54520 319.72540 311.02560 302.44580 293.98600 285.64620 277.42640 269.32660 261.34680 253.48700 245.74720 238.12740 230.62760 223.24780 215.98800 208.84820 201.82840 194.92860 188.14880 181.48900 174.94920 168.52940 162.22960 156.04980 149.99000 144.05020 138.23040 132.53060 126.95080 121.49100 116.15120 110.93140 105.83160 100.85180 95.99200 91.25220 86.63240 82.13260 77.75280 73.49300 69.35320 65.33340 61.43360 57.65380 53.99400 50.45420 47.03440 43.73460 40.55480 37.49500 34.55520
443.74280 433.48300 423.34320 413.32340 403.42360 393.64380 383.98400 374.44420 365.02440 355.72460 346.54480 337.48500 328.54520 319.72540 311.02560 302.44580 293.98600 285.64620 277.42640 269.32660 261.34680 253.48700 245.74720 238.12740 230.62760 223.24780 215.98800 208.84820 201.82840 194.92860 188.14880 181.48900 174.94920 168.52940 162.22960 156.04980 149.99000 144.05020 138.23040 132.53060 126.95080 121.49100 116.15120 110.93140 105.83160 100.85180 95.99200 91.25220 86.63240 82.13260 77.75280 73.49300 69.35320 65.33340 61.43360 57.65380 53.99400 50.45420 47.03440 43.73460 40.55480 37.49500 34.55520
443.74280 433.48300 423.34320 413.32340 403.42360 393.64380 383.98400 374.44420 365.02440 355.72460 346.54480 337.48500 328.54520 319.72540 311.02560 302.44580 293.98600 285.64620 277.42640 269.32660 261.34680 253.48700 245.74720 238.12740 230.62760 223.24780 215.98800 208.84820 201.82840 194.92860 188.14880 181.48900 174.94920 168.52940 162.22960 156.04980 149.99000 144.05020 138.23040 132.53060 126.95080 121.49100 116.15120 110.93140 105.83160 100.85180 95.99200 91.25220 86.63240 82.13260 77.75280 73.49300 69.35320 65.33340 61.43360 57.65380 53.99400 50.45420 47.03440 43.73460 40.55480 37.49500 34.55520
443.74280 433.48300 423.34320 413.32340 403.42360 393.64380 383.98400 374.44420 365.02440 355.72460 346.54480 337.48500 328.54520 319.72540 311.02560 302.44580 293.98600 285.64620 277.42640 269.32660 261.34680 253.48700 245.74720 238.12740 230.62760 223.24780 215.98800 208.84820 201.82840 194.92860 188.14880 181.48900 174.94920 168.52940 162.22960 156.04980 149.99000 144.05020 138.23040 132.53060 126.95080 121.49100 116.15120 110.93140 105.83160 100.85180 95.99200 91.25220 86.63240 82.13260 77.75280 73.49300 69.35320 65.33340 61.43360 57.65380 53.99400 50.45420 47.03440 43.73460 40.55480 37.49500 34.55520
443.74280 433.48300 423.34320 413.32340 403.42360 393.64380 383.98400 374.44420 365.02440 355.72460 346.54480 337.48500 328.54520 319.72540 311.02560 302.44580 293.98600 285.64620 277.42640 269.32660 261.34680 253.48700 245.74720 238.12740 230.62760 223.24780 215.98800 208.84820 201.82840 194.92860 188.14880 181.48900 174.94920 168.52940 162.22960 156.04980 149.99000 144.05020 138.23040 132.53060 126.95080 121.49100 116.15120 110.93140 105.83160 100.85180 95.99200 91.25220 86.63240 82.13260 77.75280 73.49300 69.35320 65.33340 61.43360 57.65380 53.99400 50.45420 47.03440 43.73460 40.55480 37.49500 34.55520
443.74280 433.48300 423.34320 413.32340 403.42360 393.64380 383.98400 374.44420 365.02440 355.72460 346.54480 337.48500 328.54520 319.72540 311.02560 302.44580 293.98600 285.64620 277.42640 269.32660 261.34680 253.48700 245.74720 238.12740 230.62760 223.24780 215.98800 208.84820 201.82840 194.92860 188.14880 181.48900 174.94920 168.52940 162.22960 156.04980 149.99000 144.05020 138.23040 132.53060 126.95080 121.49100 116.15120 110.93140 105.83160 100.85180 95.99200 91.25220 86.63240 82.13260 77.75280 73.49300 69.35320 65.33340 61.43360 57.65380 53.99400 50.45420 47.03440 43.73460 40.55480 37.49500 34.55520
443.74280 433.48300 423.34320 413.32340 403.42360 393.64380 383.98400 374.44420 365.02440 355.72460 346.54480 337.48500 328.54520 319.72540 311.02560 302.44580 293.98600 285.64620 277.42640 269.32660 261.34680 253.48700 245.74720 238.12740 230.62760 223.24780 215.98800 208.84820 201.82840 194.92860 188.14880 181.48900 174.94920 168.52940 162.22960 156.04980 149.99000 144.05020 138.23040 132.53060 126.95080 121.49100 116.15120 110.93140 105.83160 100.85180 95.99200 91.25220 86.63240 82.13260 77.75280 73.49300 69.35320 65.33340 61.43360 57.65380 53.99400 50.45420 47.03440 43.73460 40.55480 37.49500 34.55520
443.74280 433.48300 423.34320 413.32340 403.42360 393.64380 383.98400 374.44420 365.02440 355.72460 346.54480 337.48500 328.54520 319.72540 311.02560 302.44580 293.98600 285.64620 277.42640 269.32660 261.34680 253.48700 245.74720 238.12740 230.62760 223.24780 215.98800 208.84820 201.82840 194.92860 188.14880 181.48900 174.94920 168.52940 162.22960 156.04980 149.99000 144.05020 138.23040 132.53060 126.95080 121.49100 116.15120 110.93140 105.83160 100.85180 95.99200 91.25220 86.63240 82.13260 77.75280 73.49300 69.35320 65.33340 61.43360 57.65380 53.99400 50.45420 47.03440 43.73460 40.55480 37.49500 34.55520
443.74280 433.48300 423.34320 413.32340 403.42360 393.64380 383.98400 374.44420 365.02440 355.72460 346.54480 337.48500 328.54520 319.72540 311.02560 302.44580 293.98600 285.64620 277.42640 269.32660 261.34680 253.48700 245.74720 238.12740 230.62760 223.24780 215.98800 208.84820 201.82840 194.92860 188.14880 181.48900 174.94920 168.52940 162.22960 156.04980 149.99000 144.05020 138.23040 132.53060 126.95080 121.49100 116.15120 110.93140 105.83160 100.85180 95.99200 91.25220 86.63240 82.13260 77.75280 73.49300 69.35320 65.33340 61.43360 57.65380 53.99400 50.45420 47.03440 43.73460 40.55480 37.49500 34.55520
443.74280 433.48300 423.34320 413.32340 403.42360 393.64380 383.98400 374.44420 365.02440 355.72460 346.54480 337.48500 328.54520 319.72540 311.02560 302.44580 293.98600 285.64620 277.42640 269.32660 261.34680 253.48700 245.74720 238.12740 230.62760 223.24780 215.98800 208.84820 201.82840 194.92860 188.14880 181.48900 174.94920 168.52940 162.22960 156.04980 149.99000 144.05020 138.23040 132.53060 126.95080 121.49100 116.15120 110.93140 105.83160 100.85180 95.99200 91.25220 86.63240 82.13260 77.75280 73.49300 69.35320 65.33340 61.43360 57.65380 53.99400 50.45420 47.03440 43.73460 40.55480 37.49500 34.55520
443.74280 433.48300 423.34320 413.32340 403.42360 393.64380 383.98400 374.44420 365.02440 355.72460 346.54480 337.48500 328.54520 319.72540 311.02560 302.44580 293.98600 285.64620 277.42640 269.32660 261.34680 253.48700 245.74720 238.12740 230.62760 223.24780 215.98800 208.84820 201.82840 194.92860 188.14880 181.48900 174.94920 168.52940 162.22960 156.04980 149.99000 144.05020 138.23040 132.53060 126.95080 121.49100 116.15120 110.93140 105.83160 100.85180 95.99200 91.25220 86.63240 82.13260 77.75280 73.49300 69.35320 65.33340 61.43360 57.65380 53.99400 50.45420 47.03440 43.73460 40.55480 37.49500 34.55520
443.74280 433.48300 423.34320 413.32340 403.42360 393.64380 383.98400 374.44420 365.02440 355.72460 346.54480 337.48500 328.54520 319.72540 311.02560 302.44580 293.98600 285.64620 277.42640 269.32660 261.34680 253.48700 245.74720 238.12740 230.62760 223.24780 215.98800 208.84820 201.82840 194.92860 188.14880 181.48900 174.94920 168.52940 162.22960 156.04980 149.99000 144.05020 138.23040 132.53060 126.95080 121.49100 116.15120 110.93140 105.83160 100.85180 95.99200 91.25220 86.63240 82.13260 77.75280 73.49300 69.35320 65.33340 61.43360 57.65380 53.99400 50.45420 47.03440 43.73460 40.55480 37.49500 34.55520
443.74280 433.48300 423.34320 413.32340 403.42360 393.64380 383.98400 374.44420 365.02440 355.72460 346.54480 337.48500 328.54520 319.72540 311.02560 302.44580 293.98600 285.64620 277.42640 269.32660 261.34680 253.48700 245.74720 238.12740 230.62760 223.24780 215.98800 208.84820 201.82840 194.92860 188.14880 181.48900 174.94920 168.52940 162.22960 156.04980 149.99000 144.05020 138.23040 132.53060 126.95080 121.49100 116.15120 110.93140 105.83160 100.85180 95.99200 91.25220 86.63240 82.13260 77.75280 73.49300 69.35320 65.33340 61.43360 57.65380 53.99400 50.45420 47.03440 43.73460 40.55480 37.49500 34.55520
443.74280 433.48300 423.34320 413.32340 403.42360 393.64380 383.98400 374.44420 365.02440 355.72460 346.54480 337.48500 328.54520 319.72540 311.02560 302.44580 293.98600 285.64620 277.42640 269.32660 261.34680 253.48700 245.74720 238.12740 230.62760 223.24780 215.98800 208.84820 201.82840 194.92860 188.14880 181.48900 174.94920 168.52940 162.22960 156.04980 149.99000 144.05020 138.23040 132.53060 126.95080 121.49100 116.15120 110.93140 105.83160 100.85180 95.99200 91.25220 86.63240 82.13260 77.75280 73.49300 69.35320 65.33340 61.43360 57.65380 53.99400 50.45420 47.03440 43.73460 40.55480 37.49500 34.55520
443.74280 433.48300 423.34320 413.32340 403.42360 393.64380 383.98400 374.44420 365.02440 355.72460 346.54480 337.48500 328.54520 319.72540 311.02560 302.44580 293.98600 285.64620 277.42640 269.32660 261.34680 253.48700 245.74720 238.12740 230.62760 223.24780 215.98800 208.84820 201.82840 194.92860 188.14880 181.48900 174.94920 168.52940 162.22960 156.04980 149.99000 144.05020 138.23040 132.53060 126.95080 121.49100 116.15120 110.93140 105.83160 100.85180 95.99200 91.25220 86.63240 82.13260 77.75280 73.49300 69.35320 65.33340 61.43360 57.65380 53.99400 50.45420 47.03440 43.73460 40.55480 37.49500 34.55520
443.74280 433.48300 423.34320 413.32340 403.42360 393.64380 383.98400 374.44420 365.02440 355.72460 346.54480 337.48500 328.54520 319.72540 311.02560 302.44580 293.98600 285.64620 277.42640 269.32660 261.34680 253.48700 245.74720 238.12740 230.62760 223.24780 215.98800 208.84820 201.82840 194.92860 188.14880 181.48900 174.94920 168.52940 162.22960 156.04980 149.99000 144.05020 138.23040 132.53060 126.95080 121.49100 116.15120 110.93140 105.83160 100.85180 95.99200 91.25220 86.63240 82.13260 77.75280 73.49300 69.35320 65.33340 61.43360 57.65380 53.99400 50.45420 47.03440 43.73460 40.55480 37.49500 34.55520
443.74280 433.48300 423.34320 413.32340 403.42360 393.64380 383.98400 374.44420 365.02440 355.72460 346.54480 337.48500 328.54520 319.72540 311.02560 302.44580 293.98600 285.64620 277.42640 269.32660 261.34680 253.48700 245.74720 238.12740 230.62760 223.24780 215.98800 208.84820 201.82840 194.92860 188.14880 181.48900 174.94920 168.52940 162.22960 156.04980 149.99000 144.05020 138.23040 132.53060 126.95080 121.49100 116.15120 110.93140 105.83160 100.85180 95.99200 91.25220 86.63240 82.13260 77.75280 73.49300 69.35320 65.33340 61.43360 57.65380 53.99400 50.45420 47.03440 43.73460 40.55480 37.49500 34.55520
